1.0121	0
1.02028	44.4004
1.02128	77.908
1.02252	451.582
1.0254	650.099
1.03359	615.385
1.04178	598.67
1.04998	588.691
1.05817	582.243
1.06636	577.675
1.07455	574.27
1.08274	571.633
1.09094	569.461
1.09913	567.754
1.10732	566.334
1.11551	565.135
1.1237	564.109
1.1319	563.175
1.14009	562.402
1.14828	561.721
1.15647	561.116
1.16466	560.575
1.17286	560.054
1.18105	559.616
1.18924	559.218
1.19743	558.855
1.20562	558.522
1.21382	558.189
1.22409	552.482
1.23257	551.704
1.23892	556.114
1.24932	550.797
1.25554	555.223
1.26313	556.401
1.27441	549.724
1.28104	552.926
1.29209	547.258
1.29592	555.713
1.307	550.17
1.31212	555.784
1.32079	554.797
1.32965	553.534
1.33966	550.411
1.34739	551.174
1.35666	549.45
1.36575	548.093
1.37144	551.95
1.37838	553.801
1.38764	552.168
1.39607	551.798
1.40422	551.836
1.41234	551.913
1.41981	552.864
1.43006	550.113
1.44065	547.061
1.44739	548.948
1.45333	551.771
1.46364	549.176
1.46883	552.8
1.47792	551.703
1.48512	552.839
1.49438	551.585
1.50164	552.618
1.51292	549.193
1.52179	548.491
1.52619	552.558
1.53905	547.653
1.54468	550.326
1.55169	551.535
1.55895	552.46
1.56703	552.547
1.57843	549.402
1.58343	552.481
1.5916	552.478
1.60205	550.346
1.60999	550.584
1.61811	550.651
1.6263	550.655
1.63603	549.303
1.64294	550.435
1.64903	552.251
1.65912	550.617
1.66534	552.277
1.67457	551.395
1.68392	550.44
1.69315	549.608
1.6982	552.132
1.70815	550.725
1.71552	551.367
1.72557	549.929
1.73412	549.666
1.73905	552.139
1.74919	550.668
1.75845	549.884
1.76455	551.418
1.77391	550.568
1.78218	550.515
1.79018	550.653
1.79649	551.973
1.80467	551.969
1.81277	552.02
1.82416	549.838
1.83137	550.505
1.83737	551.967
1.84903	549.673
1.85575	550.641
1.86449	550.289
1.87235	550.506
1.88222	549.449
1.88845	550.689
1.8972	550.343
1.9038	551.328
1.91328	550.536
1.92133	550.624
1.92843	551.281
1.9366	551.289
1.94515	551.074
1.95409	550.635
1.96043	551.709
1.96946	551.219
1.97882	550.551
1.98481	551.797
1.99576	550.244
2.00137	551.682
2.00912	551.919
2.02222	549.233
2.02812	550.482
2.03677	550.239
2.053	546.002
2.05496	549.296
2.0618	550.014
2.06683	551.666
2.07473	551.81
2.08226	552.143
2.09668	548.968
2.09953	551.673
2.11054	550.254
2.11967	549.793
2.12674	550.352
2.13724	549.229
2.14137	551.212
2.1512	550.418
2.15994	550.158
2.16456	551.865
2.17574	550.442
2.18168	551.503
2.19277	550.146
2.19728	551.857
2.21019	549.68
2.21631	550.632
2.22877	548.704
2.22971	551.981
2.24159	550.32
2.25007	550.195
2.25821	550.222
2.2647	550.972
2.27386	550.549
2.28545	549.083
2.29233	549.656
2.29587	551.652
2.31376	547.543
2.31762	549.377
2.32323	550.466
2.33107	550.615
2.33818	551.064
2.3508	549.243
2.35273	551.814
2.3655	549.944
2.37157	550.806
2.37735	551.777
2.38872	550.499
2.39456	551.436
2.40195	551.75
2.41191	551.049
2.41912	551.431
2.42819	551.086
2.44057	549.471
2.44382	551.372
2.45275	551.087
2.46088	551.109
2.47212	549.958
2.48017	550.016
2.48952	549.589
2.4981	549.453
2.50276	550.76
2.51018	551.044
2.52095	550.102
2.52769	550.632
2.53604	550.576
2.55246	547.64
2.55666	549.07
2.56152	550.258
2.5687	550.618
2.58052	549.347
2.58287	551.395
2.59419	550.303
2.60219	550.372
2.61314	549.427
2.6166	551.052
2.62652	550.462
2.63317	550.986
2.64454	549.914
2.65157	550.308
2.65992	550.257
2.66669	550.732
2.67296	551.369
2.68404	550.415
2.69152	550.65
2.69944	550.739
2.7089	550.328
2.71712	550.321
2.72524	550.347
2.7357	549.625
2.73956	551.008
2.74989	550.329
2.7571	550.641
2.76628	550.332
2.7722	551.043
2.77953	551.311
2.79169	550.08
2.79904	550.342
2.80592	550.746
2.81632	550.073
2.82609	549.599
2.83151	550.44
2.83686	551.298
2.84936	550.005
2.85632	550.375
2.8655	550.084
2.86964	551.286
2.87779	551.296
2.88687	551.033
2.8951	551.02
2.90366	550.912
2.91342	550.458
2.92212	550.313
2.92795	550.993
2.93921	550.116
2.9433	551.286
2.95248	551.003
2.9653	549.698
2.97013	550.645
2.97606	551.28
2.9843	551.264
2.99256	551.243
3.00158	551.012
3.01081	550.725
3.01711	551.245
3.0296	550.07
3.03914	549.707
3.04631	549.987
3.05269	550.478
3.0621	550.153
3.07055	550.086
3.07853	550.146
3.0848	550.658
3.09271	550.733
3.0999	550.997
3.1093	550.679
3.11723	550.748
3.12349	551.252
3.13269	550.988
3.13988	551.246
3.14998	550.753
3.15924	550.48
3.16736	550.499
3.17811	549.851
3.18281	550.738
3.19005	550.979
3.19953	550.654
3.20648	550.965
3.21551	550.755
3.2251	550.408
3.23099	550.98
3.23826	551.207
3.25142	549.984
3.25462	551.21
3.2628	551.211
3.27601	549.989
3.28331	550.208
3.2915	550.21
3.29766	550.701
3.30379	551.196
3.31196	551.2
3.3247	550.116
3.33247	550.218
3.3409	550.164
3.34572	550.96
3.35809	549.979
3.36107	551.201
3.37367	550.172
3.37844	550.969
3.38693	550.899
3.39575	550.754
3.40618	550.239
3.41337	550.471
3.41956	550.929
3.42756	550.972
3.43921	550.187
3.44714	550.248
3.4556	550.19
3.46255	550.471
3.4676	551.175
3.47964	550.315
3.48492	550.964
3.49214	551.18
3.50231	550.741
3.51171	550.475
3.51671	551.177
3.52906	550.266
3.53418	550.937
3.54547	550.263
3.55258	550.499
3.56116	550.417
3.56965	550.354
3.57531	550.898
3.58736	550.073
3.59045	551.163
3.59967	550.943
3.60969	550.555
3.61917	550.284
3.6266	550.446
3.63689	550.007
3.63961	551.154
3.65	550.694
3.66031	550.254
3.66737	550.49
3.67474	550.661
3.68187	550.88
3.6907	550.749
3.69705	551.127
3.70929	550.299
3.71996	549.797
3.7209	551.271
3.7341	550.256
3.73902	550.917
3.74712	550.936
3.75649	550.699
3.76248	551.14
3.77068	551.137
3.77896	551.118
3.78801	550.947
3.79809	550.574
3.80353	551.117
3.81163	551.134
3.81986	551.125
3.83263	550.23
3.83622	551.128
3.84732	550.562
3.85268	551.111
3.86201	550.89
3.86898	551.125
3.87717	551.125
3.88535	551.126
3.89476	550.893
3.90399	550.695
3.91248	550.638
3.92178	550.429
3.92878	550.655
3.93453	551.115
3.94514	550.66
3.95185	550.938
3.95915	551.104
3.96958	550.686
3.97798	550.648
3.98369	551.108
3.99185	551.113
4.00248	550.663
4.00862	551.04
4.01645	551.106
4.02681	550.709
4.0372	550.309
4.04462	550.451
4.04928	551.091
4.06086	550.478
4.06928	550.438
4.07722	550.484
4.08623	550.339
4.09056	551.03
4.10154	550.532
4.10654	551.1
4.11796	550.527
4.1232	551.05
4.13587	550.26
4.1418	550.659
4.15098	550.486
4.15786	550.716
4.16484	550.928
4.17231	551.053
4.18253	550.7
4.18979	550.862
4.19666	551.09
4.2061	550.874
4.21629	550.531
4.22443	550.54
4.23291	550.492
4.24082	550.54
4.24682	550.914
4.25657	550.649
4.26411	550.76
4.27039	551.083
4.2786	551.079
4.28684	551.07
4.29945	550.329
4.3046	550.839
4.31139	551.072
4.32303	550.498
4.32874	550.91
4.33745	550.824
4.34734	550.544
4.35365	550.855
4.36246	550.753
4.37093	550.707
4.37687	551.076
4.38629	550.875
4.3953	550.741
4.40384	550.685
4.41061	550.915
4.41787	551.066
4.42701	550.912
4.43855	550.374
4.44527	550.611
4.45221	550.811
4.46226	550.515
4.46702	551.062
4.4752	551.063
4.48524	550.77
4.49505	550.514
4.50101	550.867
4.508	551.056
4.52081	550.33
4.52758	550.554
4.53255	551.058
4.5454	550.331
4.5543	550.222
4.5581	550.905
4.56993	550.341
4.5735	551.056
4.58167	551.059
4.59563	550.172
4.59932	550.863
4.60628	551.052
4.61542	550.906
4.62365	550.9
4.6318	550.906
4.63908	551.045
4.65099	550.481
4.65637	550.906
4.6656	550.75
4.67475	550.606
4.68224	550.711
4.68919	550.898
4.70025	550.469
4.70458	551.045
4.71433	550.813
4.72198	550.893
4.73351	550.399
4.73828	550.905
4.74582	551.001
4.75718	550.535
4.76189	551.046
4.77204	550.759
4.7805	550.72
4.78841	550.761
4.79468	551.041
4.80587	550.605
4.81206	550.895
4.82359	550.413
4.83182	550.408
4.83955	550.475
4.84577	550.759
4.85306	550.888
4.86241	550.722
4.87157	550.585
4.87664	551.029
4.88485	551.026
4.8943	550.847
4.90116	551.036
4.9137	550.422
4.92078	550.579
4.92672	550.896
4.93494	550.892
4.94314	550.89
4.9535	550.587
4.95973	550.861
4.97051	550.501
4.97963	550.373
4.98417	550.879
4.99569	550.419
5.00471	550.306
5.00779	551.011
5.01715	550.85
5.02623	550.728
5.03617	550.489
5.04365	550.586
5.05069	550.744
5.05781	550.89
5.06815	550.598
5.07661	550.562
5.08589	550.415
5.09397	550.431
5.10098	550.591
5.11168	550.255
5.11516	550.887
5.12423	550.77
5.13458	550.481
5.14287	550.469
5.15133	550.434
5.15641	550.848
5.16517	550.772
5.17338	550.77
5.17979	551.005
5.19071	550.645
5.19608	551.017
5.20619	550.765
5.21473	550.719
5.22279	550.736
5.23107	550.725
5.23993	550.638
5.24523	551.014
5.25629	550.642
5.26602	550.443
5.27183	550.751
5.28099	550.627
5.28621	551.01
5.29437	551.013
5.30358	550.882
5.31453	550.529
5.31898	551.008
5.33016	550.626
5.33852	550.605
5.3454	550.772
5.35389	550.734
5.35995	551.004
5.36937	550.849
5.38015	550.522
5.38679	550.718
5.39655	550.521
5.40286	550.758
5.41097	550.768
5.41855	550.844
5.42654	550.869
5.43364	551.005
5.44195	550.99
5.45248	550.7
5.46025	550.752
5.46888	550.698
5.47464	550.998
5.48507	550.722
5.49098	551.003
5.50107	550.77
5.50843	550.871
5.51784	550.722
5.52691	550.615
5.53534	550.587
5.54355	550.585
5.54959	550.846
5.55749	550.882
5.56599	550.844
5.5758	550.649
5.58237	550.844
5.59253	550.608
5.59871	550.85
5.60905	550.592
5.61513	550.845
5.62208	550.993
5.6347	550.465
5.64211	550.559
5.65013	550.58
5.65484	550.993
5.66304	550.991
5.67221	550.875
5.68282	550.59
5.69134	550.552
5.6961	550.956
5.70688	550.652
5.71566	550.583
5.72259	550.731
5.72961	550.868
5.74019	550.589
5.74722	550.725
5.75319	550.983
5.76366	550.719
5.77273	550.617
5.77871	550.873
5.78701	550.86
5.79723	550.627
5.80417	550.771
5.81372	550.615
5.82093	550.728
5.82983	550.647
5.84045	550.37
5.84609	550.662
5.85712	550.339
5.86068	550.866
5.87102	550.622
5.877	550.873
5.88665	550.708
5.89245	550.978
5.90257	550.76
5.91169	550.656
5.9226	550.351
5.92618	550.868
5.93336	550.982
5.94646	550.433
5.95292	550.627
5.9601	550.74
5.96929	550.629
5.97724	550.656
5.98356	550.863
5.99194	550.843
6.00024	550.831
6.00814	550.863
6.01658	550.835
6.02346	550.979
6.03261	550.874
6.04456	550.463
6.05214	550.53
6.0582	550.763
6.06451	550.968
6.07809	550.382
6.08503	550.518
6.09095	550.765
6.09728	550.966
6.10538	550.976
6.11886	550.405
6.12729	550.38
6.13097	550.866
6.1392	550.862
6.14957	550.628
6.15999	550.39
6.16247	551.001
6.17575	550.458
6.18114	550.757
6.18732	550.971
6.19564	550.957
6.20621	550.705
6.21523	550.617
6.2223	550.736
6.23167	550.612
6.23873	550.731
6.24468	550.967
6.25383	550.866
6.26304	550.759
6.27488	550.378
6.28028	550.67
6.28659	550.866
6.29887	550.441
6.30709	550.438
6.31217	550.762
6.32186	550.606
6.32657	550.967
6.33578	550.862
6.34306	550.956
6.35437	550.634
6.36221	550.671
6.36861	550.855
6.37668	550.867
6.38392	550.965
6.39759	550.404
6.40034	550.961
6.41071	550.738
6.41766	550.865
6.42713	550.735
6.43313	550.957
6.44586	550.497
6.45533	550.368
6.45994	550.731
6.46808	550.736
6.475	550.864
6.48567	550.615
6.49238	550.764
6.4999	550.831
6.50679	550.962
6.51815	550.645
6.52551	550.728
6.5339	550.708
6.54302	550.616
6.54897	550.839
6.56033	550.524
6.56641	550.734
6.57339	550.854
6.58079	550.932
6.59184	550.65
6.59797	550.853
6.60613	550.857
6.61448	550.841
6.62465	550.647
6.63426	550.508
6.63797	550.947
6.64949	550.622
6.65771	550.619
6.66528	550.68
6.67314	550.712
6.67888	550.951
6.68905	550.758
6.69774	550.71
6.70529	550.772
6.71254	550.863
6.72172	550.768
6.72899	550.857
6.74082	550.507
6.74653	550.746
6.7535	550.863
6.76205	550.828
6.76898	550.949
6.7794	550.736
6.78872	550.629
6.7938	550.925
6.80715	550.435
6.8099	550.952
6.82201	550.58
6.82752	550.834
6.83553	550.851
6.84473	550.756
6.85291	550.757
6.86326	550.554
6.86734	550.941
6.87669	550.832
6.88494	550.827
6.89215	550.918
6.901	550.857
6.91139	550.651
6.91836	550.765
6.92797	550.634
6.93733	550.525
6.94435	550.634
6.95239	550.649
6.96146	550.568
6.96943	550.588
6.97664	550.679
6.98312	550.837
6.99013	550.946
7.00065	550.732
7.00938	550.682
7.01714	550.722
7.02633	550.631
7.03121	550.934
7.04046	550.837
7.04848	550.853
7.05817	550.716
7.06493	550.846
7.07679	550.513
7.08365	550.634
7.08968	550.83
7.09859	550.765
7.10606	550.831
7.1153	550.736
7.12127	550.936
7.13255	550.658
7.13757	550.943
7.14808	550.735
7.1574	550.634
7.16221	550.937
7.17034	550.942
7.18138	550.688
7.18864	550.771
7.19592	550.852
7.20338	550.917
7.21331	550.763
7.22272	550.655
7.23068	550.676
7.23709	550.833
7.24755	550.633
7.25363	550.819
7.26388	550.638
7.2721	550.636
7.27787	550.849
7.28845	550.639
7.29552	550.738
7.30141	550.939
7.31066	550.847
7.3211	550.65
7.32947	550.635
7.33762	550.639
7.34448	550.755
7.35277	550.746
7.36226	550.634
7.36955	550.712
7.37827	550.666
7.38432	550.852
7.39163	550.928
7.39974	550.935
7.40793	550.935
7.41735	550.829
7.42629	550.764
7.43488	550.73
7.44297	550.739
7.44986	550.851
7.46026	550.662
7.46525	550.935
7.47346	550.934
7.4848	550.665
7.49331	550.639
7.50018	550.751
7.50758	550.818
7.51472	550.907
7.52487	550.741
7.53209	550.824
7.53905	550.927
7.5509	550.619
7.55636	550.849
7.56883	550.49
7.57374	550.765
7.58113	550.833
7.59008	550.769
7.59637	550.928
7.60857	550.593
7.61378	550.842
7.62508	550.583
7.63005	550.852
7.63825	550.851
7.64685	550.817
7.65855	550.526
7.66192	550.926
7.67266	550.715
7.67929	550.844
7.68944	550.682
7.6962	550.8
7.70501	550.749
7.71553	550.558
7.72111	550.773
7.72769	550.905
7.73561	550.927
7.74608	550.741
7.75204	550.923
7.76242	550.744
7.76836	550.928
7.77907	550.723
7.78486	550.918
7.79513	550.749
7.80402	550.693
7.81252	550.668
7.82211	550.555
7.82728	550.799
7.83713	550.665
7.84242	550.899
7.85377	550.645
7.85973	550.825
7.86802	550.817
7.87636	550.805
7.88526	550.748
7.89461	550.656
7.90083	550.813
7.90861	550.846
7.92136	550.483
7.9256	550.798
7.93221	550.924
7.94164	550.825
7.94861	550.922
7.95703	550.904
7.96596	550.845
7.97445	550.821
7.98142	550.918
7.98981	550.902
7.99773	550.924
8.01086	550.535
8.01613	550.765
8.02676	550.573
8.03176	550.824
8.0416	550.695
8.04789	550.844
8.05628	550.828
8.06715	550.619
8.07179	550.896
8.08314	550.65
8.09027	550.733
8.09732	550.822
8.10463	550.89
8.11566	550.67
8.12065	550.918
8.13258	550.629
8.13923	550.748
8.1452	550.919
8.15493	550.801
8.16161	550.917
8.16978	550.919
8.1799	550.77
8.1895	550.662
8.19682	550.729
8.20478	550.747
8.21074	550.918
8.22024	550.818
8.2284	550.82
8.2353	550.919
8.24822	550.559
8.25389	550.751
8.26301	550.68
8.26933	550.822
8.27728	550.841
8.2867	550.748
8.29265	550.917
8.30536	550.576
8.31452	550.503
8.32163	550.585
8.32837	550.694
8.33579	550.752
8.34283	550.839
8.35004	550.913
8.36011	550.772
8.3686	550.749
8.37458	550.915
8.38502	550.747
8.39416	550.676
8.40307	550.623
8.40961	550.746
8.41746	550.771
8.42471	550.841
8.43447	550.725
8.44015	550.911
8.45078	550.731
8.45658	550.907
8.46815	550.658
8.47385	550.842
8.48112	550.91
8.48929	550.911
8.49784	550.885
8.50568	550.91
8.51384	550.913
8.52454	550.729
8.53507	550.558
8.53848	550.908
8.55008	550.658
8.55825	550.66
8.56424	550.821
8.57405	550.703
8.58059	550.823
8.58852	550.842
8.5989	550.683
8.60531	550.813
8.61309	550.842
8.62486	550.584
8.63321	550.572
8.63994	550.678
8.64838	550.66
8.65311	550.91
8.6613	550.91
8.66953	550.907
8.67982	550.756
8.68587	550.91
8.69629	550.75
8.70462	550.74
8.7127	550.748
8.71877	550.9
8.72816	550.814
8.7385	550.661
8.74566	550.735
8.75442	550.694
8.75995	550.884
8.77004	550.749
8.7763	550.886
8.78884	550.578
8.7936	550.821
8.8019	550.813
8.81004	550.817
8.817	550.904
8.82543	550.887
8.83722	550.633
8.84376	550.75
8.84969	550.909
8.85917	550.818
8.8693	550.682
8.8765	550.752
8.88351	550.834
8.89295	550.747
8.90099	550.758
8.90709	550.904
8.91623	550.838
8.92787	550.598
8.93358	550.77
8.9421	550.748
8.95005	550.764
8.95851	550.746
8.96632	550.772
8.97507	550.734
8.98277	550.768
8.99315	550.617
9.00099	550.641
9.0054	550.902
9.0149	550.812
9.02299	550.819
9.03183	550.774
9.03835	550.889
9.05798	550.106
9.059	550.597
9.06619	550.665
9.07306	550.756
9.07908	550.904
9.08823	550.839
9.09771	550.751
9.10748	550.643
9.11384	550.768
9.12122	550.823
9.13057	550.745
9.13672	550.883
9.14691	550.748
9.15406	550.818
9.16112	550.895
9.17274	550.663
9.17835	550.837
9.18779	550.753
9.19381	550.899
9.20225	550.883
9.21107	550.84
9.21835	550.902
9.22653	550.902
9.23793	550.687
9.24638	550.67
9.25328	550.757
9.26058	550.816
9.26938	550.776
9.27667	550.836
9.28414	550.884
9.29212	550.898
9.30376	550.669
9.31093	550.736
9.3179	550.817
9.32679	550.771
9.33552	550.736
9.34348	550.751
9.35068	550.817
9.36109	550.67
9.36583	550.898
9.37494	550.837
9.38566	550.671
9.3924	550.766
9.39981	550.818
9.41161	550.581
9.41742	550.737
9.42449	550.811
9.43482	550.671
9.44277	550.687
9.45014	550.741
9.45726	550.811
9.46441	550.878
9.47579	550.671
9.48399	550.671
9.49316	550.607
9.49815	550.815
9.50513	550.894
9.51672	550.673
9.52469	550.688
9.53061	550.835
9.53796	550.889
9.54943	550.678
9.55423	550.896
9.56365	550.817
9.57198	550.808
9.58189	550.698
9.5881	550.825
9.59549	550.876
9.60547	550.762
9.61189	550.875
9.62268	550.709
9.63112	550.693
9.63747	550.811
9.6468	550.738
9.65598	550.675
9.66072	550.895
9.67001	550.825
9.6774	550.876
9.68637	550.827
9.69697	550.674
9.70509	550.679
9.71337	550.673
9.71806	550.895
9.7285	550.753
9.73903	550.605
9.74391	550.814
9.75089	550.89
9.76151	550.737
9.76951	550.75
9.77796	550.733
9.78559	550.769
9.79409	550.749
9.79997	550.894
9.81111	550.71
9.81838	550.767
9.82581	550.815
9.83599	550.691
9.84325	550.749
9.85016	550.829
9.85859	550.814
9.86551	550.893
9.8737	550.893
9.88598	550.639
9.89251	550.743
9.89959	550.812
9.90892	550.741
9.91693	550.752
9.92627	550.681
9.93237	550.811
9.94243	550.695
9.94941	550.77
9.95659	550.833
9.96729	550.678
9.97426	550.753
9.98121	550.83
9.99092	550.737
9.99668	550.886
10.0061	550.81
10.0164	550.681
10.0246	550.681
10.0303	550.833
10.0397	550.759
10.047	550.814
10.054	550.886
10.0644	550.752
10.0703	550.891
10.083	550.618
10.0879	550.817
10.0983	550.683
10.1045	550.804
10.1138	550.737
10.121	550.797
10.1277	550.887
10.1392	550.688
10.144	550.892
10.1557	550.681
10.1615	550.825
10.1686	550.89
10.1778	550.83
10.1899	550.595
10.196	550.721
10.2049	550.678
10.2097	550.882
10.2199	550.761
10.226	550.886
10.236	550.778
10.2424	550.885
10.2508	550.873
10.2618	550.705
10.2702	550.693
10.2774	550.752
10.2856	550.752
10.2937	550.757
10.302	550.751
10.31	550.762
10.3161	550.886
10.3289	550.614
10.3356	550.702
10.3441	550.684
10.3491	550.872
10.359	550.771
10.3687	550.683
10.3754	550.77
10.3835	550.776
10.3908	550.828
10.398	550.886
10.4072	550.827
10.416	550.791
10.4249	550.75
10.4309	550.878
10.4437	550.609
10.4503	550.702
10.4563	550.83
10.4681	550.62
10.4718	550.881
10.4815	550.794
10.4883	550.874
10.4988	550.74
10.5055	550.827
10.514	550.809
10.5218	550.832
10.531	550.773
10.5411	550.663
10.5483	550.72
10.5536	550.887
10.5618	550.887
10.571	550.829
10.5795	550.811
10.5897	550.695
10.5956	550.827
10.6028	550.884
10.6132	550.757
10.6192	550.883
10.6283	550.831
10.6376	550.767
10.645	550.813
10.6552	550.698
10.6601	550.886
10.6693	550.828
10.6775	550.828
10.6847	550.884
10.6949	550.77
10.7067	550.565
10.7116	550.752
10.7175	550.882
10.7289	550.7
10.7382	550.638
10.7464	550.637
10.7543	550.654
10.7604	550.772
10.7699	550.698
10.7748	550.884
10.7875	550.63
10.7912	550.883
10.8014	550.77
10.8076	550.882
10.8177	550.775
10.8272	550.701
10.8341	550.774
10.8433	550.717
10.8508	550.756
10.8596	550.722
10.8649	550.884
10.8755	550.749
10.8845	550.704
10.8939	550.637
10.902	550.642
10.9088	550.72
10.9162	550.764
10.9264	550.652
10.9305	550.88
10.9427	550.657
10.9502	550.696
10.9552	550.872
10.9652	550.772
10.9727	550.811
10.9819	550.755
10.9922	550.639
10.9961	550.875
11.0074	550.704
11.0144	550.77
11.0206	550.879
11.0333	550.631
11.0408	550.67
11.0507	550.576
11.0565	550.707
11.066	550.636
11.0736	550.668
11.0819	550.662
11.0874	550.81
11.1001	550.563
11.1048	550.754
11.1136	550.721
11.1233	550.639
11.1294	550.753
11.1385	550.704
11.1444	550.828
11.1527	550.822
11.1609	550.822
11.1692	550.816
11.1794	550.707
11.1901	550.571
11.1965	550.668
11.2009	550.873
11.209	550.878
11.2182	550.824
11.2285	550.71
11.2336	550.877
11.2418	550.876
11.2522	550.758
11.2635	550.591
11.2663	550.88
11.2777	550.708
11.2839	550.815
11.2963	550.589
11.3004	550.809
11.3117	550.642
11.3165	550.824
11.3257	550.77
11.3329	550.823
11.3411	550.822
11.3483	550.875
11.3587	550.758
11.3657	550.821
11.3752	550.751
11.3854	550.645
11.3902	550.825
11.4007	550.703
11.4075	550.776
11.4151	550.808
11.422	550.876
11.4331	550.722
11.4384	550.875
11.4466	550.874
11.458	550.705
11.4643	550.805
11.4752	550.662
11.4803	550.825
11.4916	550.662
11.4989	550.709
11.5085	550.635
11.5131	550.823
11.5214	550.818
11.5326	550.66
11.5376	550.827
11.5492	550.649
11.5531	550.873
11.5613	550.873
11.5736	550.659
11.5777	550.872
11.5858	550.877
11.5977	550.684
11.6066	550.647
11.6117	550.808
11.6228	550.657
11.6312	550.646
11.6381	550.713
11.6476	550.645
11.6514	550.873
11.6637	550.66
11.6687	550.825
11.6792	550.706
11.6851	550.824
11.6934	550.819
11.7007	550.865
11.7116	550.725
11.7169	550.874
11.7251	550.874
11.7344	550.817
11.7456	550.662
11.7541	550.646
11.7611	550.708
11.7661	550.871
11.7768	550.743
11.7824	550.875
11.7937	550.716
11.8028	550.67
11.8112	550.66
11.8184	550.71
11.8244	550.822
11.8348	550.71
11.8408	550.821
11.8521	550.663
11.8571	550.825
11.8676	550.708
11.8735	550.824
11.8849	550.662
11.8912	550.758
11.8994	550.757
11.9088	550.696
11.9176	550.666
11.9217	550.872
11.9328	550.726
11.9401	550.771
11.9495	550.71
11.9573	550.729
11.9665	550.679
11.9709	550.869
11.9829	550.678
11.9904	550.713
12.0001	550.637
12.0068	550.712
12.0159	550.667
12.0219	550.777
12.0314	550.711
12.0406	550.661
12.0466	550.77
12.0528	550.87
12.0632	550.76
12.0692	550.869
12.0783	550.824
12.0884	550.729
12.097	550.708
12.1038	550.778
12.1133	550.713
12.1193	550.821
12.1296	550.717
12.1359	550.811
12.1449	550.771
12.1511	550.869
12.1593	550.869
12.1732	550.587
12.1788	550.715
12.1867	550.729
12.1968	550.635
12.2012	550.822
12.2084	550.871
12.2189	550.757
12.2268	550.772
12.234	550.82
12.2454	550.663
12.2549	550.599
12.2622	550.643
12.2668	550.819
12.2784	550.652
12.2832	550.818
12.293	550.739
12.3042	550.593
12.3122	550.602
12.3205	550.597
12.3231	550.869
12.3332	550.777
12.3421	550.742
12.3497	550.771
12.3581	550.761
12.3641	550.867
12.3724	550.862
12.3806	550.861
12.3928	550.667
12.3989	550.769
12.4051	550.865
12.4133	550.864
12.4273	550.584
12.4328	550.714
12.4378	550.868
12.4479	550.776
12.4543	550.862
12.4633	550.823
12.4707	550.861
12.4788	550.866
12.4901	550.717
12.4998	550.644
12.5071	550.687
12.5129	550.802
12.5208	550.816
12.528	550.863
12.5361	550.867
12.5487	550.657
12.5548	550.757
12.5617	550.818
12.5721	550.713
12.583	550.584
12.5862	550.822
12.5974	550.679
12.605	550.707
12.61	550.859
12.6203	550.759
12.6294	550.716
12.6354	550.819
12.646	550.705
12.655	550.667
12.661	550.771
12.6726	550.61
12.6776	550.761
12.6854	550.779
12.695	550.713
12.7034	550.703
12.7114	550.712
12.7205	550.67
12.7245	550.867
12.7337	550.819
12.7409	550.866
12.7548	550.598
12.7573	550.865
12.7665	550.818
12.7794	550.597
12.7819	550.864
12.7932	550.718
12.8011	550.732
12.8084	550.774
12.8168	550.764
12.8228	550.866
12.8342	550.717
12.8414	550.763
12.8494	550.772
12.8614	550.595
12.8683	550.655
12.872	550.864
12.8803	550.859
12.8896	550.807
12.8986	550.77
12.9103	550.607
12.9151	550.764
12.9243	550.718
12.9304	550.814
12.9376	550.86
12.9476	550.777
12.9577	550.689
12.9621	550.864
12.9703	550.863
12.9838	550.619
12.9905	550.688
12.9971	550.761
13.0041	550.816
13.0132	550.774
13.0248	550.618
13.0279	550.851
13.038	550.764
13.046	550.772
13.0532	550.818
13.0604	550.863
13.0687	550.858
13.0778	550.817
13.0882	550.716
13.0952	550.77
13.1034	550.77
13.1128	550.715
13.12	550.76
13.1259	550.864
13.1341	550.864
13.1432	550.823
13.1539	550.709
13.1631	550.663
13.1701	550.717
13.177	550.776
13.1833	550.861
13.1937	550.761
13.2016	550.775
13.2119	550.68
13.2193	550.715
13.2281	550.688
13.2344	550.773
13.2445	550.687
13.2529	550.678
13.2591	550.768
13.2694	550.673
13.2776	550.673
13.2816	550.861
13.2932	550.708
13.3021	550.676
13.3084	550.761
13.3144	550.859
13.3245	550.774
13.3327	550.774
13.3431	550.675
13.3481	550.817
13.3587	550.71
13.3647	550.808
13.3758	550.678
13.3809	550.816
13.3913	550.718
13.3988	550.748
13.4046	550.855
13.4138	550.81
13.4238	550.73
13.4301	550.814
13.4403	550.725
13.4498	550.667
13.4575	550.689
13.4656	550.693
13.473	550.728
13.4782	550.86
13.4913	550.643
13.4946	550.859
13.5058	550.727
13.5131	550.766
13.5233	550.677
13.5284	550.814
13.5376	550.769
13.5467	550.729
13.5554	550.707
13.5611	550.816
13.5683	550.86
13.5812	550.654
13.5857	550.815
13.5938	550.819
13.6011	550.858
13.6103	550.814
13.62	550.748
13.6276	550.774
13.6384	550.66
13.642	550.861
13.6548	550.66
13.6598	550.799
13.6722	550.616
13.6758	550.816
13.6852	550.763
13.6967	550.62
13.7013	550.775
13.711	550.71
13.7192	550.71
13.7281	550.679
13.7362	550.683
13.7425	550.765
13.7529	550.67
13.7577	550.816
13.7659	550.816
13.7753	550.764
13.7869	550.617
13.7914	550.776
13.7999	550.763
13.8081	550.762
13.8141	550.857
13.8222	550.861
13.8323	550.779
13.843	550.671
13.8469	550.855
13.8575	550.752
13.8632	550.859
13.8714	550.858
13.883	550.712
13.8888	550.815
13.896	550.857
13.9052	550.814
13.9136	550.805
13.9238	550.719
13.9323	550.706
13.9403	550.715
13.9492	550.684
13.9533	550.859
13.9616	550.854
13.9697	550.858
13.9779	550.857
13.9916	550.624
13.9952	550.819
14.0035	550.814
14.0138	550.725
14.0189	550.856
14.0281	550.813
14.0404	550.639
14.0482	550.656
14.0516	550.858
14.0609	550.811
14.0702	550.765
14.0762	550.857
14.0879	550.709
14.096	550.713
14.1028	550.772
14.1133	550.675
14.1201	550.733
14.1297	550.674
14.1366	550.728
14.1466	550.653
14.1518	550.778
14.1628	550.661
14.1673	550.815
14.1765	550.773
14.1857	550.731
14.191	550.852
14.2004	550.801
14.2117	550.672
14.2164	550.817
14.2237	550.854
14.2329	550.812
14.24	550.858
14.2515	550.72
14.2584	550.774
14.2646	550.857
14.276	550.723
14.2831	550.769
14.2892	550.856
14.2984	550.814
14.3066	550.813
14.3148	550.813
14.3242	550.763
14.3357	550.626
14.3396	550.804
14.3475	550.816
14.356	550.803
14.3649	550.774
14.3745	550.716
14.3828	550.711
14.3917	550.682
14.3989	550.723
14.4039	550.854
14.4133	550.805
14.4247	550.673
14.4325	550.689
14.4399	550.722
14.4496	550.66
14.4541	550.811
14.4623	550.811
14.4741	550.663
14.4786	550.814
14.4869	550.81
14.4972	550.724
14.5042	550.772
14.5126	550.764
14.5221	550.711
14.5297	550.735
14.5381	550.726
14.5487	550.628
14.5561	550.661
14.5648	550.64
14.5733	550.628
14.5782	550.761
14.5872	550.729
14.5943	550.773
14.6005	550.854
14.6097	550.813
14.6179	550.812
14.6283	550.723
14.6342	550.816
14.6424	550.815
14.6536	550.694
14.6625	550.665
14.6707	550.665
14.6786	550.677
14.6837	550.802
14.6937	550.729
14.6998	550.813
14.7079	550.817
14.7153	550.849
14.7266	550.724
14.7338	550.764
14.7398	550.851
14.7509	550.735
14.7591	550.735
14.7687	550.678
14.7738	550.802
14.7829	550.766
14.7921	550.725
14.7972	550.849
14.8053	550.853
14.8167	550.725
14.8239	550.764
14.8321	550.764
14.84	550.775
14.8513	550.652
14.8574	550.735
14.8627	550.85
14.8751	550.683
14.8847	550.627
14.8882	550.813
14.8963	550.817
14.9047	550.809
14.9118	550.852
14.9252	550.646
14.9313	550.728
14.9396	550.724
14.9477	550.728
14.9528	550.85
14.9632	550.763
14.9692	550.849
14.9808	550.715
14.9856	550.849
14.9937	550.852
