1.00919	0
1.10312	86.7361
1.20305	85.459
1.30313	84.9987
1.40314	84.7853
1.50312	84.6629
1.6031	84.5815
1.70274	84.5647
1.80213	84.5787
1.90212	84.5329
2.0022	84.4887
2.10209	84.4672
2.2022	84.4337
2.30219	84.4132
2.40208	84.4018
2.50216	84.3811
2.6022	84.3651
2.70185	84.3704
2.80164	84.3686
2.90161	84.3589
3.00158	84.3502
3.1017	84.3363
3.20165	84.3302
3.3016	84.3246
3.40162	84.317
3.50161	84.3111
3.60161	84.3053
3.70143	84.3055
3.8012	84.3072
3.90111	84.3048
4.00116	84.2985
4.10122	84.2924
4.20117	84.2896
4.30116	84.2859
4.40122	84.2807
4.50119	84.278
4.60113	84.2761
4.7011	84.2737
4.80095	84.274
4.90095	84.2711
5.00091	84.2691
5.1009	84.2667
5.20097	84.2627
5.3009	84.2617
5.40086	84.2602
5.50089	84.2574
5.60095	84.2541
5.70084	84.2541
5.80061	84.2562
5.90067	84.2532
6.00071	84.2507
6.10065	84.2499
6.20064	84.2483
6.30068	84.246
6.40072	84.2438
6.5007	84.2426
6.6007	84.2411
6.70067	84.2401
6.80053	84.2408
6.90051	84.2397
7.00051	84.2383
7.10049	84.2373
7.20059	84.2347
7.30051	84.2346
7.4006	84.2323
7.50061	84.231
7.60057	84.2304
7.70048	84.2305
7.80052	84.229
7.90045	84.2288
8.00047	84.2276
8.10053	84.226
8.20048	84.2256
8.30046	84.225
8.40054	84.2232
8.50045	84.2233
8.60058	84.2211
8.70048	84.2214
8.80051	84.2202
8.90055	84.2191
9.00045	84.2194
9.10053	84.2178
9.20057	84.2167
9.30051	84.2166
9.40055	84.2155
9.50046	84.2158
9.60054	84.2143
9.70055	84.2136
9.80058	84.2127
9.90055	84.2124
10.0005	84.2123
10.1006	84.2108
10.2006	84.2103
10.3006	84.2097
10.4005	84.2101
10.5005	84.2096
10.6005	84.209
10.7006	84.2077
10.8005	84.208
10.9005	84.2075
11.0005	84.2071
11.1005	84.2066
11.2006	84.2053
11.3005	84.2057
11.4006	84.2045
11.5005	84.2048
11.6004	84.2052
11.7005	84.204
11.8005	84.2036
11.9005	84.2032
12.0005	84.2028
12.1005	84.2024
12.2005	84.202
12.3005	84.2017
12.4006	84.2005
12.5005	84.2009
12.6005	84.2006
12.7005	84.2002
12.8006	84.1992
12.9005	84.1996
13.0005	84.1992
13.1005	84.1989
13.2006	84.1979
13.3005	84.1983
13.4005	84.198
13.5005	84.1977
13.6005	84.1974
13.7005	84.1971
13.8005	84.1968
13.9005	84.1965
14.0006	84.1956
14.1005	84.1959
14.2005	84.1957
14.3005	84.1954
14.4005	84.1951
14.5005	84.1949
14.6005	84.1946
14.7006	84.1937
14.8005	84.1941
14.9005	84.1939
